{
    "_versionMajor": 0,
    "_versionMinor": 4,
    "boundsCenter": {
        "x": -0.21966981887817383,
        "y": 0.0184934139251709,
        "z": 0.017370939254760742
    },
    "boundsSize": {
        "x": 4.878749847412109,
        "y": 6.186129093170166,
        "z": 4.091862201690674
    },
    "format": "perpixel",
    "numAngles": 5,
    "perspectives": [
        {
            "clipEpsilon": 0.001497264951467514,
            "crop": {
                "w": 0.7058823108673096,
                "x": 0.1234983429312706,
                "y": 0.29411765933036804,
                "z": 0.46684208512306213
            },
            "depthFocalLength": {
                "x": 1220.7437744140625,
                "y": 1220.0621337890625
            },
            "depthImageSize": {
                "x": 2560.0,
                "y": 1440.0
            },
            "depthPrincipalPoint": {
                "x": 1282.904541015625,
                "y": 734.1951293945312
            },
            "extrinsics": {
                "e00": 0.014244511723518372,
                "e01": 0.24420921504497528,
                "e02": 0.9696179628372192,
                "e03": 1.9772436618804932,
                "e10": -0.9979629516601562,
                "e11": -0.056836068630218506,
                "e12": 0.028975728899240494,
                "e13": -1.453382968902588,
                "e20": 0.062185414135456085,
                "e21": -0.9680555462837219,
                "e22": 0.24290214478969574,
                "e23": 0.9198126196861267,
                "e30": 0.0,
                "e31": 0.0,
                "e32": 0.0,
                "e33": 1.0
            },
            "farClip": 3.5880143642425537,
            "nearClip": 0.24859213829040527
        },
        {
            "clipEpsilon": 0.0015766520518809557,
            "crop": {
                "w": 0.7048192620277405,
                "x": 0.1374792903661728,
                "y": 0.0,
                "z": 0.4407622218132019
            },
            "depthFocalLength": {
                "x": 1215.43994140625,
                "y": 1215.030517578125
            },
            "depthImageSize": {
                "x": 2560.0,
                "y": 1440.0
            },
            "depthPrincipalPoint": {
                "x": 1275.8553466796875,
                "y": 732.8878173828125
            },
            "extrinsics": {
                "e00": 0.0380222387611866,
                "e01": 0.9212192893028259,
                "e02": -0.38718128204345703,
                "e03": -0.7161917686462402,
                "e10": -0.9984322190284729,
                "e11": 0.05094998702406883,
                "e12": 0.02317643351852894,
                "e13": -1.4624276161193848,
                "e20": 0.04107745736837387,
                "e21": 0.3856930434703827,
                "e22": 0.9217122793197632,
                "e23": 2.2619197368621826,
                "e30": 0.0,
                "e31": 0.0,
                "e32": 0.0,
                "e33": 1.0
            },
            "farClip": 3.4065115451812744,
            "nearClip": 0.23523496091365814
        },
        {
            "clipEpsilon": 0.001482268562540412,
            "crop": {
                "w": 0.8384423851966858,
                "x": 0.1607808619737625,
                "y": 0.16155759990215302,
                "z": 0.5456193685531616
            },
            "depthFocalLength": {
                "x": 919.5829467773438,
                "y": 919.616943359375
            },
            "depthImageSize": {
                "x": 1920.0,
                "y": 1080.0
            },
            "depthPrincipalPoint": {
                "x": 958.8951416015625,
                "y": 554.7753295898438
            },
            "extrinsics": {
                "e00": 0.00781812984496355,
                "e01": -0.9239310026168823,
                "e02": 0.3824792802333832,
                "e03": 0.6314377784729004,
                "e10": -0.9989117980003357,
                "e11": -0.02480311505496502,
                "e12": -0.03949689492583275,
                "e13": -1.2765724658966064,
                "e20": 0.045979082584381104,
                "e21": -0.3817542791366577,
                "e22": -0.9231194853782654,
                "e23": -1.8972527980804443,
                "e30": 0.0,
                "e31": 0.0,
                "e32": 0.0,
                "e33": 1.0
            },
            "farClip": 3.6109848022460938,
            "nearClip": 0.237776979804039
        },
        {
            "clipEpsilon": 0.0013526990078389645,
            "crop": {
                "w": 0.7473074197769165,
                "x": 0.0,
                "y": 0.0,
                "z": 0.7576636075973511
            },
            "depthFocalLength": {
                "x": 922.1553344726562,
                "y": 922.1429443359375
            },
            "depthImageSize": {
                "x": 1920.0,
                "y": 1080.0
            },
            "depthPrincipalPoint": {
                "x": 954.7753295898438,
                "y": 554.4583129882812
            },
            "extrinsics": {
                "e00": 0.07452815026044846,
                "e01": -0.28375759720802307,
                "e02": -0.9559953808784485,
                "e03": -2.139430046081543,
                "e10": -0.9969544410705566,
                "e11": 0.0008766786195337772,
                "e12": -0.07798147946596146,
                "e13": -1.2547657489776611,
                "e20": 0.022965937852859497,
                "e21": 0.9588956236839294,
                "e22": -0.28282806277275085,
                "e23": -0.4706198573112488,
                "e30": 0.0,
                "e31": 0.0,
                "e32": 0.0,
                "e33": 1.0
            },
            "farClip": 3.933417797088623,
            "nearClip": 0.2371039241552353
        },
        {
            "clipEpsilon": 0.0020986516028642654,
            "crop": {
                "w": 0.7068272829055786,
                "x": 0.05020080506801605,
                "y": 0.1867469847202301,
                "z": 0.5582329034805298
            },
            "depthFocalLength": {
                "x": 1226.2391357421875,
                "y": 1225.863037109375
            },
            "depthImageSize": {
                "x": 2560.0,
                "y": 1440.0
            },
            "depthPrincipalPoint": {
                "x": 1277.53857421875,
                "y": 732.9923706054688
            },
            "extrinsics": {
                "e00": -0.01299252174794674,
                "e01": 0.9058828353881836,
                "e02": 0.42332911491394043,
                "e03": 0.5769854187965393,
                "e10": -0.9992589950561523,
                "e11": -0.027102869004011154,
                "e12": 0.02732892334461212,
                "e13": -1.4525880813598633,
                "e20": 0.036230236291885376,
                "e21": -0.42266035079956055,
                "e22": 0.9055637121200562,
                "e23": 1.7854077816009521,
                "e30": 0.0,
                "e31": 0.0,
                "e32": 0.0,
                "e33": 1.0
            },
            "farClip": 2.618401527404785,
            "nearClip": 0.23591957986354828
        }
    ],
    "textureHeight": 4064,
    "textureWidth": 3600,
    "numRows": 2,
    "numColumns": 3
}